9834884_0_3871985887467090123.csv~Row4,61753761_9_4735181228515289890.csv~Row10,True
9834884_0_3871985887467090123.csv~Row5,61753761_9_4735181228515289890.csv~Row14,True
9834884_0_3871985887467090123.csv~Row25,61753761_9_4735181228515289890.csv~Row8,True
9834884_0_3871985887467090123.csv~Row0,61753761_9_4735181228515289890.csv~Row0,True
9834884_0_3871985887467090123.csv~Row1,61753761_9_4735181228515289890.csv~Row1,True
9834884_0_3871985887467090123.csv~Row14,61753761_9_4735181228515289890.csv~Row7,True
9834884_0_3871985887467090123.csv~Row2,61753761_9_4735181228515289890.csv~Row3,True
9834884_0_3871985887467090123.csv~Row73,61753761_9_4735181228515289890.csv~Row12,True
